TextAreaWidth: 1024
id_age: ""
tokensInFinalText: 206
id_language: ""
id_task: ""
id_condition: ""
id_comment: ""
TextAreaX: 448
osName: Linux
TextAreaY: 29
lineSpacing: 1.0
id_code: ""
TextAreaHeight: 768
id_family_name: ""
id_project: ""
textLanguage: ""
fontFamily: Calibri
Version: 1.7
id_first_name: ""
id_gender: ""
fontSize: 36
startTime: 179610304410659
endTime: 179743787869526
#
179610391210295 0.087 <scrollChange> 0 0
179610396123591 0.092 <scrollChange> 0 0
179612898152843 2.594 <keyPressed> 16
179612931875057 2.627 <keyPressed> 74
179612933036575 2.629 <replace> 0 0 J
179612933735836 2.629 <caretUpdate> 1 1
179613007576809 2.703 <keyReleased> 74
179613014277069 2.710 <keyReleased> 16
179613283894730 2.979 <keyPressed> 65
179613284705170 2.980 <replace> 1 0 a
179613285127093 2.981 <caretUpdate> 2 2
179613350222141 3.046 <keyReleased> 65
179613387390693 3.083 <keyPressed> 71
179613387801753 3.083 <replace> 2 0 g
179613388144634 3.084 <caretUpdate> 3 3
179613454141323 3.150 <keyReleased> 71
179613483699075 3.179 <keyPressed> 32
179613484243121 3.180 <replace> 3 0 \s
179613484589572 3.180 <caretUpdate> 4 4
179613582161976 3.278 <keyReleased> 32
179613635443849 3.331 <keyPressed> 72
179613635763412 3.331 <replace> 4 0 h
179613636085087 3.332 <caretUpdate> 5 5
179613644616646 3.340 <keyPressed> 65
179613644905802 3.340 <replace> 5 0 a
179613645176153 3.341 <caretUpdate> 6 6
179613702043610 3.398 <keyReleased> 72
179613782226656 3.478 <keyReleased> 65
179613899672493 3.595 <keyPressed> 82
179613900342307 3.596 <replace> 6 0 r
179613900755360 3.596 <caretUpdate> 7 7
179613987500807 3.683 <keyPressed> 32
179613987981130 3.684 <replace> 7 0 \s
179613988381872 3.684 <caretUpdate> 8 8
179614094135435 3.790 <keyReleased> 82
179614190278084 3.886 <keyReleased> 32
179614675566804 4.371 <keyPressed> 72
179614675982899 4.372 <replace> 8 0 h
179614676312225 4.372 <caretUpdate> 9 9
179614734889095 4.430 <keyReleased> 72
179614747723487 4.443 <keyPressed> 65
179614748246623 4.444 <replace> 9 0 a
179614748612147 4.444 <caretUpdate> 10 10
179614854611490 4.550 <keyReleased> 65
179615067509049 4.763 <keyPressed> 70
179615068059806 4.764 <replace> 10 0 f
179615068317024 4.764 <caretUpdate> 11 11
179615101767303 4.797 <keyReleased> 70
179615723663093 5.419 <keyPressed> 84
179615724118901 5.420 <replace> 11 0 t
179615724477465 5.420 <caretUpdate> 12 12
179615814305588 5.510 <keyReleased> 84
179615955655365 5.651 <keyPressed> 32
179615956092918 5.652 <replace> 12 0 \s
179615956376769 5.652 <caretUpdate> 13 13
179616012235582 5.708 <keyPressed> 68
179616012597695 5.708 <replace> 13 0 d
179616012957875 5.709 <caretUpdate> 14 14
179616062343484 5.758 <keyReleased> 32
179616133501047 5.829 <keyReleased> 68
179616211566994 5.907 <keyPressed> 69
179616212108520 5.908 <replace> 14 0 e
179616212407116 5.908 <caretUpdate> 15 15
179616350379774 6.046 <keyReleased> 69
179616435899743 6.131 <keyPressed> 78
179616436384942 6.132 <replace> 15 0 n
179616436685004 6.132 <caretUpdate> 16 16
179616526306241 6.222 <keyReleased> 78
179616643539569 6.339 <keyPressed> 78
179616643758230 6.339 <replace> 16 0 n
179616643932827 6.340 <caretUpdate> 17 17
179616742057781 6.438 <keyReleased> 78
179616803485839 6.499 <keyPressed> 65
179616803990894 6.500 <replace> 17 0 a
179616804385478 6.500 <caretUpdate> 18 18
179616955565513 6.651 <keyPressed> 32
179616956070216 6.652 <replace> 18 0 \s
179616956343098 6.652 <caretUpdate> 19 19
179616982750622 6.678 <keyReleased> 65
179617069899877 6.765 <keyReleased> 32
179617707304590 7.403 <keyPressed> 75
179617707682830 7.403 <replace> 19 0 k
179617707976435 7.404 <caretUpdate> 20 20
179617766115506 7.462 <keyReleased> 75
179618244211701 7.940 <keyPressed> 0
179618244432922 7.940 <replace> 20 0 ä
179618244596246 7.940 <caretUpdate> 21 21
179618310177353 8.006 <keyReleased> 0
179618563618230 8.259 <keyPressed> 78
179618563994059 8.260 <replace> 21 0 n
179618564333378 8.260 <caretUpdate> 22 22
179618646924315 8.343 <keyReleased> 78
179618763522110 8.459 <keyPressed> 83
179618763950286 8.460 <replace> 22 0 s
179618764292541 8.460 <caretUpdate> 23 23
179618869912867 8.566 <keyReleased> 83
179619067659845 8.763 <keyPressed> 65
179619068184703 8.764 <replace> 23 0 a
179619068480967 8.764 <caretUpdate> 24 24
179619166097698 8.862 <keyReleased> 65
179619267619912 8.963 <keyPressed> 8
179619267839297 8.963 <remove> 23 1
179619268348024 8.964 <caretUpdate> 23 23
179619318810085 9.014 <keyReleased> 8
179619547529225 9.243 <keyPressed> 76
179619548077536 9.244 <replace> 23 0 l
179619548459310 9.244 <caretUpdate> 24 24
179619625627577 9.321 <keyReleased> 76
179619675316874 9.371 <keyPressed> 65
179619675936874 9.372 <replace> 24 0 a
179619676266200 9.372 <caretUpdate> 25 25
179619797990435 9.494 <keyReleased> 65
179620267176251 9.963 <keyPressed> 32
179620267514516 9.963 <replace> 25 0 \s
179620267786991 9.963 <caretUpdate> 26 26
179620382780600 10.078 <keyReleased> 32
179620891735518 10.587 <keyPressed> 70
179620892356971 10.588 <replace> 26 0 f
179620892714399 10.588 <caretUpdate> 27 27
179620966852530 10.662 <keyReleased> 70
179621091151896 10.787 <keyPressed> 82
179621091470764 10.787 <replace> 27 0 r
179621091695745 10.787 <caretUpdate> 28 28
179621197753153 10.893 <keyReleased> 82
179621355512967 11.051 <keyPressed> 8
179621355700175 11.051 <remove> 27 1
179621356099510 11.052 <caretUpdate> 27 27
179621414522854 11.110 <keyReleased> 8
179622051639225 11.747 <keyPressed> 0
179622052114632 11.748 <replace> 27 0 ö
179622052406272 11.748 <caretUpdate> 28 28
179622115572762 11.811 <keyPressed> 82
179622115968746 11.812 <replace> 28 0 r
179622116331387 11.812 <caretUpdate> 29 29
179622126619981 11.822 <keyReleased> 0
179622189963724 11.886 <keyReleased> 82
179623091848401 12.787 <keyPressed> 85
179623092320476 12.788 <replace> 29 0 u
179623092713408 12.788 <caretUpdate> 30 30
179623173956509 12.870 <keyReleased> 85
179623203432939 12.899 <keyPressed> 84
179623203896886 12.899 <replace> 30 0 t
179623204296423 12.900 <caretUpdate> 31 31
179623326238231 13.022 <keyReleased> 84
179623363379095 13.059 <keyPressed> 32
179623363693578 13.059 <replace> 31 0 \s
179623363998947 13.060 <caretUpdate> 32 32
179623531795143 13.227 <keyPressed> 68
179623532162035 13.228 <replace> 32 0 d
179623532456309 13.228 <caretUpdate> 33 33
179623566936026 13.263 <keyReleased> 32
179623653666926 13.349 <keyReleased> 68
179623731499382 13.427 <keyPressed> 69
179623731842957 13.427 <replace> 33 0 e
179623732172781 13.428 <caretUpdate> 34 34
179623811285416 13.507 <keyPressed> 84
179623811635717 13.507 <replace> 34 0 t
179623811937524 13.508 <caretUpdate> 35 35
179623926233993 13.622 <keyReleased> 69
179623939360449 13.635 <keyPressed> 32
179623939652252 13.635 <replace> 35 0 \s
179623939904271 13.635 <caretUpdate> 36 36
179623966735835 13.662 <keyReleased> 84
179624043330572 13.739 <keyPressed> 222
179624043676773 13.739 <replace> 36 0 '
179624043981505 13.740 <caretUpdate> 37 37
179624085711806 13.781 <keyReleased> 32
179624123413380 13.819 <keyPressed> 82
179624123782744 13.819 <replace> 37 0 r
179624124219259 13.820 <caretUpdate> 38 38
179624165892986 13.861 <keyReleased> 222
179624278458171 13.974 <keyReleased> 82
179624563808946 14.259 <keyPressed> 8
179624563994724 14.260 <remove> 37 1
179624564356999 14.260 <caretUpdate> 37 37
179624630681644 14.326 <keyReleased> 8
179624699383093 14.395 <keyPressed> 8
179624699517055 14.395 <remove> 36 1
179624699732969 14.395 <caretUpdate> 36 36
179624781846629 14.477 <keyReleased> 8
179624971072293 14.667 <keyPressed> 0
179624971326928 14.667 <replace> 36 0 ä
179624971499711 14.667 <caretUpdate> 37 37
179625028464307 14.724 <keyPressed> 82
179625028624456 14.724 <replace> 37 0 r
179625028793878 14.724 <caretUpdate> 38 38
179625045333085 14.741 <keyReleased> 0
179625141571125 14.837 <keyReleased> 82
179625747416619 15.443 <keyPressed> 8
179625747558802 15.443 <remove> 37 1
179625747869964 15.443 <caretUpdate> 37 37
179625806787709 15.502 <keyReleased> 8
179625883469663 15.579 <keyPressed> 8
179625883593006 15.579 <remove> 36 1
179625883853341 15.579 <caretUpdate> 36 36
179625950319129 15.646 <keyReleased> 8
179626035179093 15.731 <keyPressed> 8
179626035285523 15.731 <remove> 35 1
179626035598141 15.731 <caretUpdate> 35 35
179626093461058 15.789 <keyReleased> 8
179626179946625 15.876 <keyPressed> 8
179626180105163 15.876 <remove> 34 1
179626180388992 15.876 <caretUpdate> 34 34
179626237474895 15.933 <keyReleased> 8
179626315286841 16.011 <keyPressed> 8
179626315436129 16.011 <remove> 33 1
179626315737355 16.011 <caretUpdate> 33 33
179626381959452 16.078 <keyReleased> 8
179629523492779 19.219 <keyPressed> 8
179629523633181 19.219 <remove> 32 1
179629523896187 19.219 <caretUpdate> 32 32
179629566552172 19.262 <keyReleased> 8
179629859235393 19.555 <keyPressed> 8
179629859364540 19.555 <remove> 31 1
179629859696397 19.555 <caretUpdate> 31 31
179629925959278 19.622 <keyReleased> 8
179630107276260 19.803 <keyPressed> 10
179630107469151 19.803 <replace> 31 0 \n
179630108191036 19.804 <caretUpdate> 32 32
179630190121762 19.886 <keyReleased> 10
179631195502076 20.891 <keyPressed> 68
179631195846271 20.891 <replace> 32 0 d
179631196355738 20.892 <caretUpdate> 33 33
179631269926087 20.966 <keyReleased> 68
179631403392369 21.099 <keyPressed> 69
179631403759302 21.099 <replace> 33 0 e
179631404115168 21.100 <caretUpdate> 34 34
179631476180697 21.172 <keyPressed> 84
179631476526798 21.172 <replace> 34 0 t
179631476848637 21.172 <caretUpdate> 35 35
179631574429812 21.270 <keyReleased> 69
179631629857592 21.325 <keyReleased> 84
179631707442481 21.403 <keyPressed> 32
179631707792461 21.403 <replace> 35 0 \s
179631708103126 21.404 <caretUpdate> 36 36
179631829781370 21.525 <keyReleased> 32
179631851181936 21.547 <keyPressed> 0
179631851474586 21.547 <replace> 36 0 ö
179631851735156 21.547 <caretUpdate> 37 37
179631907223569 21.603 <keyPressed> 82
179631907518521 21.603 <replace> 37 0 r
179631907771909 21.603 <caretUpdate> 38 38
179631934417894 21.630 <keyReleased> 0
179632029575511 21.725 <keyReleased> 82
179632315701319 22.011 <keyPressed> 32
179632316214011 22.012 <replace> 38 0 \s
179632316620350 22.012 <caretUpdate> 39 39
179632437841952 22.133 <keyReleased> 32
179632619459586 22.315 <keyPressed> 8
179632619596316 22.315 <remove> 38 1
179632619924626 22.316 <caretUpdate> 38 38
179632671831093 22.367 <keyReleased> 8
179632770644853 22.466 <keyPressed> 8
179632770739340 22.466 <remove> 37 1
179632770996777 22.467 <caretUpdate> 37 37
179632822246624 22.518 <keyReleased> 8
179632955491157 22.651 <keyPressed> 8
179632955673153 22.651 <remove> 36 1
179632955986794 22.652 <caretUpdate> 36 36
179633037830094 22.733 <keyReleased> 8
179633923416778 23.619 <keyPressed> 0
179633923747620 23.619 <replace> 36 0 ä
179633924128578 23.620 <caretUpdate> 37 37
179634006629670 23.702 <keyReleased> 0
179634019366247 23.715 <keyPressed> 82
179634019599115 23.715 <replace> 37 0 r
179634019824868 23.715 <caretUpdate> 38 38
179634102476919 23.798 <keyReleased> 82
179634171176341 23.867 <keyPressed> 32
179634171427893 23.867 <replace> 38 0 \s
179634171664324 23.867 <caretUpdate> 39 39
179634269620465 23.965 <keyReleased> 32
179634291220890 23.987 <keyPressed> 73
179634291515555 23.987 <replace> 39 0 i
179634291818025 23.987 <caretUpdate> 40 40
179634349721417 24.045 <keyReleased> 73
179634483472111 24.179 <keyPressed> 78
179634483914751 24.180 <replace> 40 0 n
179634484235862 24.180 <caretUpdate> 41 41
179634547421640 24.243 <keyPressed> 84
179634547741111 24.243 <replace> 41 0 t
179634547969943 24.244 <caretUpdate> 42 42
179634574387252 24.270 <keyReleased> 78
179634635235851 24.331 <keyPressed> 69
179634635641868 24.331 <replace> 42 0 e
179634635960350 24.332 <caretUpdate> 43 43
179634702040695 24.398 <keyReleased> 84
179634741738870 24.437 <keyReleased> 69
179634746947713 24.443 <keyPressed> 32
179634747197088 24.443 <replace> 43 0 \s
179634747465009 24.443 <caretUpdate> 44 44
179634901582378 24.597 <keyReleased> 32
179635387438318 25.083 <keyPressed> 70
179635387897305 25.083 <replace> 44 0 f
179635388280145 25.084 <caretUpdate> 45 45
179635478573396 25.174 <keyReleased> 70
179635507250163 25.203 <keyPressed> 0
179635507518841 25.203 <replace> 45 0 ö
179635507813266 25.203 <caretUpdate> 46 46
179635558355337 25.254 <keyReleased> 0
179635603176872 25.299 <keyPressed> 82
179635603426981 25.299 <replace> 46 0 r
179635603705745 25.299 <caretUpdate> 47 47
179635669849795 25.365 <keyReleased> 82
179635747363239 25.443 <keyPressed> 83
179635747677641 25.443 <replace> 47 0 s
179635747971242 25.444 <caretUpdate> 48 48
179635837846191 25.533 <keyReleased> 83
179635907418416 25.603 <keyPressed> 84
179635907751882 25.603 <replace> 48 0 t
179635908088478 25.604 <caretUpdate> 49 49
179635973649256 25.669 <keyReleased> 84
179636427401094 26.123 <keyPressed> 65
179636427675471 26.123 <replace> 49 0 a
179636427953510 26.124 <caretUpdate> 50 50
179636565903123 26.261 <keyReleased> 65
179636923509409 26.619 <keyPressed> 32
179636923958409 26.620 <replace> 50 0 \s
179636924312979 26.620 <caretUpdate> 51 51
179637030558759 26.726 <keyReleased> 32
179637227614360 26.923 <keyPressed> 71
179637228173134 26.924 <replace> 51 0 g
179637228417815 26.924 <caretUpdate> 52 52
179637310345879 27.006 <keyReleased> 71
179637819654627 27.515 <keyPressed> 0
179637820192195 27.516 <replace> 52 0 å
179637820513084 27.516 <caretUpdate> 53 53
179637893770238 27.589 <keyReleased> 0
179638130435910 27.826 <keyPressed> 78
179638130604753 27.826 <replace> 53 0 n
179638130796044 27.826 <caretUpdate> 54 54
179638203528779 27.899 <keyPressed> 71
179638203796307 27.899 <replace> 54 0 g
179638204058256 27.900 <caretUpdate> 55 55
179638333514411 28.029 <keyReleased> 71
179638349526925 28.045 <keyReleased> 78
179638371073782 28.067 <keyPressed> 69
179638371404672 28.067 <replace> 55 0 e
179638371691404 28.067 <caretUpdate> 56 56
179638573737685 28.269 <keyReleased> 69
179639283388894 28.979 <keyPressed> 78
179639283665864 28.979 <replace> 56 0 n
179639283910708 28.980 <caretUpdate> 57 57
179639374763820 29.070 <keyReleased> 78
179643843399526 33.539 <keyPressed> 10
179643843534194 33.539 <replace> 57 0 \n
179643843992280 33.540 <caretUpdate> 58 58
179643909940510 33.606 <keyReleased> 10
179644259159730 33.955 <keyPressed> 68
179644259572155 33.955 <replace> 58 0 d
179644259936256 33.956 <caretUpdate> 59 59
179644326172599 34.022 <keyReleased> 68
179644443180305 34.139 <keyPressed> 69
179644443433035 34.139 <replace> 59 0 e
179644443787783 34.139 <caretUpdate> 60 60
179644526430339 34.222 <keyReleased> 69
179644563258259 34.259 <keyPressed> 78
179644563511701 34.259 <replace> 60 0 n
179644563751283 34.259 <caretUpdate> 61 61
179644622498540 34.318 <keyReleased> 78
179644691154653 34.387 <keyPressed> 78
179644691452998 34.387 <replace> 61 0 n
179644691743309 34.387 <caretUpdate> 62 62
179644781713449 34.477 <keyReleased> 78
179644827397482 34.523 <keyPressed> 65
179644827634957 34.523 <replace> 62 0 a
179644827908342 34.523 <caretUpdate> 63 63
179644925298189 34.621 <keyReleased> 65
179645555315543 35.251 <keyPressed> 32
179645555598967 35.251 <replace> 63 0 \s
179645555946976 35.252 <caretUpdate> 64 64
179645670678211 35.366 <keyReleased> 32
179645747306747 35.443 <keyPressed> 75
179645747586937 35.443 <replace> 64 0 k
179645747839633 35.443 <caretUpdate> 65 65
179645806570141 35.502 <keyReleased> 75
179646259346539 35.955 <keyPressed> 0
179646259710793 35.955 <replace> 65 0 ä
179646260038394 35.956 <caretUpdate> 66 66
179646342434174 36.038 <keyReleased> 0
179646603359145 36.299 <keyPressed> 78
179646603654544 36.299 <replace> 66 0 n
179646603909399 36.299 <caretUpdate> 67 67
179646661770206 36.357 <keyReleased> 78
179646707228858 36.403 <keyPressed> 83
179646707676974 36.403 <replace> 67 0 s
179646707983073 36.404 <caretUpdate> 68 68
179646797733983 36.493 <keyReleased> 83
179646851236215 36.547 <keyPressed> 75
179646851556634 36.547 <replace> 68 0 k
179646851793937 36.547 <caretUpdate> 69 69
179646941711498 36.637 <keyReleased> 75
179647275250773 36.971 <keyPressed> 8
179647275379946 36.971 <remove> 68 1
179647275763776 36.971 <caretUpdate> 68 68
179647342044192 37.038 <keyReleased> 8
179647499302484 37.195 <keyPressed> 76
179647499565729 37.195 <replace> 68 0 l
179647499818810 37.195 <caretUpdate> 69 69
179647573553121 37.269 <keyReleased> 76
179647579114898 37.275 <keyPressed> 65
179647579363770 37.275 <replace> 69 0 a
179647579595508 37.275 <caretUpdate> 70 70
179647701796553 37.397 <keyReleased> 65
179647939401158 37.635 <keyPressed> 32
179647939663645 37.635 <replace> 70 0 \s
179647939933610 37.636 <caretUpdate> 71 71
179648051328223 37.747 <keyPressed> 65
179648051585394 37.747 <replace> 71 0 a
179648051825915 37.747 <caretUpdate> 72 72
179648086348116 37.782 <keyReleased> 32
179648157814330 37.853 <keyReleased> 65
179648299212096 37.995 <keyPressed> 84
179648299483546 37.995 <replace> 72 0 t
179648299739101 37.995 <caretUpdate> 73 73
179648381755715 38.077 <keyReleased> 84
179648403053346 38.099 <keyPressed> 84
179648403263075 38.099 <replace> 73 0 t
179648403491029 38.099 <caretUpdate> 74 74
179648549667161 38.245 <keyReleased> 84
179648555036695 38.251 <keyPressed> 32
179648555233899 38.251 <replace> 74 0 \s
179648555546709 38.251 <caretUpdate> 75 75
179648582380751 38.278 <keyReleased> 32
179649579556650 39.275 <keyPressed> 86
179649579842102 39.275 <replace> 75 0 v
179649580176090 39.276 <caretUpdate> 76 76
179649643428943 39.339 <keyPressed> 65
179649643705623 39.339 <replace> 76 0 a
179649643946031 39.340 <caretUpdate> 77 77
179649726489824 39.422 <keyReleased> 86
179649837654436 39.533 <keyReleased> 65
179649962860660 39.658 <keyPressed> 84
179649963211048 39.659 <replace> 77 0 t
179649963666660 39.659 <caretUpdate> 78 78
179650045156737 39.741 <keyReleased> 84
179650171220145 39.867 <keyPressed> 65
179650171478551 39.867 <replace> 78 0 a
179650171789473 39.867 <caretUpdate> 79 79
179650291250430 39.987 <keyPressed> 32
179650291513768 39.987 <replace> 79 0 \s
179650291753801 39.987 <caretUpdate> 80 80
179650302154134 39.998 <keyReleased> 65
179650387217402 40.083 <keyPressed> 65
179650387467844 40.083 <replace> 80 0 a
179650387700588 40.083 <caretUpdate> 81 81
179650406334869 40.102 <keyReleased> 32
179650477509151 40.173 <keyReleased> 65
179650683371714 40.379 <keyPressed> 69
179650683613356 40.379 <replace> 81 0 e
179650683845106 40.379 <caretUpdate> 82 82
179650710429153 40.406 <keyReleased> 69
179650875212419 40.571 <keyPressed> 8
179650875318305 40.571 <remove> 81 1
179650875539691 40.571 <caretUpdate> 81 81
179650926279497 40.622 <keyReleased> 8
179651019252537 40.715 <keyPressed> 8
179651019358929 40.715 <remove> 80 1
179651019585200 40.715 <caretUpdate> 80 80
179651069609027 40.765 <keyReleased> 8
179652011329411 41.707 <keyPressed> 8
179652011445951 41.707 <remove> 79 1
179652011671338 41.707 <caretUpdate> 79 79
179652078505766 41.774 <keyReleased> 8
179652187210949 41.883 <keyPressed> 8
179652187306762 41.883 <remove> 78 1
179652187518042 41.883 <caretUpdate> 78 78
179652261801794 41.957 <keyReleased> 8
179652363386324 42.059 <keyPressed> 8
179652363526210 42.059 <remove> 77 1
179652363821301 42.059 <caretUpdate> 77 77
179652419952400 42.116 <keyPressed> 84
179652420266335 42.116 <replace> 77 0 t
179652420512136 42.116 <caretUpdate> 78 78
179652430211967 42.126 <keyReleased> 8
179652525582302 42.221 <keyReleased> 84
179652843351506 42.539 <keyPressed> 8
179652843464879 42.539 <remove> 77 1
179652843699315 42.539 <caretUpdate> 77 77
179652902243795 42.598 <keyReleased> 8
179652923054080 42.619 <keyPressed> 84
179652923293382 42.619 <replace> 77 0 t
179652923560553 42.619 <caretUpdate> 78 78
179653037603094 42.733 <keyReleased> 84
179653211245250 42.907 <keyPressed> 65
179653211522259 42.907 <replace> 78 0 a
179653211808070 42.907 <caretUpdate> 79 79
179653333928076 43.030 <keyReleased> 65
179653651211839 43.347 <keyPressed> 8
179653651337502 43.347 <remove> 78 1
179653651584302 43.347 <caretUpdate> 78 78
179653710429479 43.406 <keyReleased> 8
179653803212240 43.499 <keyPressed> 8
179653803318908 43.499 <remove> 77 1
179653803550075 43.499 <caretUpdate> 77 77
179653870378080 43.566 <keyReleased> 8
179654467308755 44.163 <keyPressed> 82
179654467588452 44.163 <replace> 77 0 r
179654467931393 44.164 <caretUpdate> 78 78
179654534501660 44.230 <keyReleased> 82
179654651203918 44.347 <keyPressed> 65
179654651454065 44.347 <replace> 78 0 a
179654651761530 44.347 <caretUpdate> 79 79
179654773690902 44.469 <keyReleased> 65
179654795148503 44.491 <keyPressed> 32
179654795363919 44.491 <replace> 79 0 \s
179654795594598 44.491 <caretUpdate> 80 80
179654901176670 44.597 <keyReleased> 32
179655002842238 44.698 <keyPressed> 69
179655003047693 44.699 <replace> 80 0 e
179655003203231 44.699 <caretUpdate> 81 81
179655085257434 44.781 <keyReleased> 69
179655211493763 44.907 <keyPressed> 84
179655211854339 44.907 <replace> 81 0 t
179655212114091 44.908 <caretUpdate> 82 82
179655262133248 44.958 <keyReleased> 84
179655355214474 45.051 <keyPressed> 84
179655355487350 45.051 <replace> 82 0 t
179655355777532 45.051 <caretUpdate> 83 83
179655421535431 45.117 <keyReleased> 84
179655467089132 45.163 <keyPressed> 32
179655467319711 45.163 <replace> 83 0 \s
179655467606139 45.163 <caretUpdate> 84 84
179655557544349 45.253 <keyReleased> 32
179655611146539 45.307 <keyPressed> 70
179655611386973 45.307 <replace> 84 0 f
179655611624049 45.307 <caretUpdate> 85 85
179655749636348 45.445 <keyReleased> 70
179655971413419 45.667 <keyPressed> 65
179655971681281 45.667 <replace> 85 0 a
179655971948950 45.668 <caretUpdate> 86 86
179656093634196 45.789 <keyReleased> 65
179656107088650 45.803 <keyPressed> 76
179656107294393 45.803 <replace> 86 0 l
179656107543171 45.803 <caretUpdate> 87 87
179656157362532 45.853 <keyReleased> 76
179656243057711 45.939 <keyPressed> 76
179656243311371 45.939 <replace> 87 0 l
179656243545703 45.939 <caretUpdate> 88 88
179656309640942 46.005 <keyReleased> 76
179656314826355 46.010 <keyPressed> 65
179656315113142 46.011 <replace> 88 0 a
179656315416255 46.011 <caretUpdate> 89 89
179656437523364 46.133 <keyReleased> 65
179656515287461 46.211 <keyPressed> 78
179656515609382 46.211 <replace> 89 0 n
179656515910059 46.211 <caretUpdate> 90 90
179656573480951 46.269 <keyReleased> 78
179656586998831 46.283 <keyPressed> 68
179656587226740 46.283 <replace> 90 0 d
179656587439287 46.283 <caretUpdate> 91 91
179656669489933 46.365 <keyReleased> 68
179656763324272 46.459 <keyPressed> 69
179656763586514 46.459 <replace> 91 0 e
179656763834977 46.459 <caretUpdate> 92 92
179656901811276 46.597 <keyReleased> 69
179657291400974 46.987 <keyPressed> 32
179657291731309 46.987 <replace> 92 0 \s
179657291936342 46.988 <caretUpdate> 93 93
179657358405584 47.054 <keyReleased> 32
179658467331837 48.163 <keyPressed> 76
179658467857960 48.163 <replace> 93 0 l
179658468114555 48.164 <caretUpdate> 94 94
179658518324544 48.214 <keyReleased> 76
179659875229732 49.571 <keyPressed> 0
179659875607517 49.571 <replace> 94 0 ö
179659875894727 49.571 <caretUpdate> 95 95
179659958109316 49.654 <keyReleased> 0
179660883265508 50.579 <keyPressed> 86
179660883550993 50.579 <replace> 95 0 v
179660883805771 50.579 <caretUpdate> 96 96
179660966480868 50.662 <keyReleased> 86
179661010983429 50.707 <keyPressed> 32
179661011299724 50.707 <replace> 96 0 \s
179661011638067 50.707 <caretUpdate> 97 97
179661094473286 50.790 <keyReleased> 32
179661155170242 50.851 <keyPressed> 73
179661155518293 50.851 <replace> 97 0 i
179661155805819 50.851 <caretUpdate> 98 98
179661230452777 50.926 <keyReleased> 73
179661283176050 50.979 <keyPressed> 32
179661283475940 50.979 <replace> 98 0 \s
179661283739759 50.979 <caretUpdate> 99 99
179661389198488 51.085 <keyReleased> 32
179661539140373 51.235 <keyPressed> 86
179661539470385 51.235 <replace> 99 0 v
179661539742034 51.235 <caretUpdate> 100 100
179661651092495 51.347 <keyPressed> 73
179661651455974 51.347 <replace> 100 0 i
179661651774008 51.347 <caretUpdate> 101 101
179661662562610 51.358 <keyReleased> 86
179661701500307 51.397 <keyReleased> 73
179661835261682 51.531 <keyPressed> 78
179661835635245 51.531 <replace> 101 0 n
179661835922632 51.532 <caretUpdate> 102 102
179661917735074 51.613 <keyReleased> 78
179661922769277 51.618 <keyPressed> 68
179661923070698 51.619 <replace> 102 0 d
179661923372056 51.619 <caretUpdate> 103 103
179662029685649 51.725 <keyReleased> 68
179662115157707 51.811 <keyPressed> 69
179662115442427 51.811 <replace> 103 0 e
179662115715631 51.811 <caretUpdate> 104 104
179662195119250 51.891 <keyPressed> 78
179662195356421 51.891 <replace> 104 0 n
179662195665318 51.891 <caretUpdate> 105 105
179662285439603 51.981 <keyReleased> 69
179662293167095 51.989 <keyReleased> 78
179665587213357 55.283 <keyPressed> 10
179665587365592 55.283 <replace> 105 0 \n
179665587903075 55.283 <caretUpdate> 106 106
179665653675703 55.349 <keyReleased> 10
179670931230356 60.627 <keyPressed> 83
179670931531288 60.627 <replace> 106 0 s
179670931877894 60.627 <caretUpdate> 107 107
179670997596248 60.693 <keyReleased> 83
179671002990053 60.699 <keyPressed> 79
179671003241036 60.699 <replace> 107 0 o
179671003457944 60.699 <caretUpdate> 108 108
179671061560384 60.757 <keyReleased> 79
179671187119710 60.883 <keyPressed> 77
179671187370181 60.883 <replace> 108 0 m
179671187593592 60.883 <caretUpdate> 109 109
179671269435758 60.965 <keyReleased> 77
179671595039297 61.291 <keyPressed> 32
179671595324779 61.291 <replace> 109 0 \s
179671595562166 61.291 <caretUpdate> 110 110
179671678217504 61.374 <keyReleased> 32
179671931153670 61.627 <keyPressed> 78
179671931400549 61.627 <replace> 110 0 n
179671931662237 61.627 <caretUpdate> 111 111
179672014434124 61.710 <keyReleased> 78
179672235092775 61.931 <keyPressed> 0
179672235422480 61.931 <replace> 111 0 ä
179672235688937 61.931 <caretUpdate> 112 112
179672317585642 62.013 <keyReleased> 0
179672330824952 62.026 <keyPressed> 82
179672331093340 62.027 <replace> 112 0 r
179672331317390 62.027 <caretUpdate> 113 113
179672453461830 62.149 <keyReleased> 82
179672491092733 62.187 <keyPressed> 32
179672491325782 62.187 <replace> 113 0 \s
179672491645778 62.187 <caretUpdate> 114 114
179672589421680 62.285 <keyReleased> 32
179673123081057 62.819 <keyPressed> 78
179673123387700 62.819 <replace> 114 0 n
179673123662407 62.819 <caretUpdate> 115 115
179673198464491 62.894 <keyReleased> 78
179673267085435 62.963 <keyPressed> 0
179673267386779 62.963 <replace> 115 0 å
179673267651725 62.963 <caretUpdate> 116 116
179673357403736 63.053 <keyReleased> 0
179673362824792 63.058 <keyPressed> 71
179673363114234 63.059 <replace> 116 0 g
179673363408139 63.059 <caretUpdate> 117 117
179673533758702 63.229 <keyReleased> 71
179673602981805 63.299 <keyPressed> 79
179673603280054 63.299 <replace> 117 0 o
179673603545433 63.299 <caretUpdate> 118 118
179673693655971 63.389 <keyReleased> 79
179673835061516 63.531 <keyPressed> 78
179673835328694 63.531 <replace> 118 0 n
179673835558398 63.531 <caretUpdate> 119 119
179673915088721 63.611 <keyPressed> 32
179673915340807 63.611 <replace> 119 0 \s
179673915555360 63.611 <caretUpdate> 120 120
179673925979736 63.622 <keyReleased> 78
179674021685350 63.717 <keyReleased> 32
179674050861104 63.746 <keyPressed> 83
179674051115128 63.747 <replace> 120 0 s
179674051327880 63.747 <caretUpdate> 121 121
179674197679926 63.893 <keyReleased> 83
179674731140713 64.427 <keyPressed> 84
179674731460665 64.427 <replace> 121 0 t
179674731759450 64.427 <caretUpdate> 122 122
179674822346780 64.518 <keyReleased> 84
179674883200265 64.579 <keyPressed> 85
179674883506681 64.579 <replace> 122 0 u
179674883784120 64.579 <caretUpdate> 123 123
179674949918565 64.646 <keyReleased> 85
179675010847182 64.706 <keyPressed> 67
179675011023933 64.707 <replace> 123 0 c
179675011170175 64.707 <caretUpdate> 124 124
179675107732354 64.803 <keyPressed> 75
179675107983024 64.804 <replace> 124 0 k
179675108265670 64.804 <caretUpdate> 125 125
179675110940685 64.807 <keyReleased> 67
179675165207170 64.861 <keyReleased> 75
179675274834239 64.970 <keyPressed> 73
179675275094544 64.971 <replace> 125 0 i
179675275306248 64.971 <caretUpdate> 126 126
179675341651872 65.037 <keyReleased> 73
179675379244301 65.075 <keyPressed> 84
179675379482789 65.075 <replace> 126 0 t
179675379718584 65.075 <caretUpdate> 127 127
179675469274002 65.165 <keyReleased> 84
179676091263351 65.787 <keyPressed> 32
179676091521363 65.787 <replace> 127 0 \s
179676091825229 65.787 <caretUpdate> 128 128
179676158327765 65.854 <keyReleased> 32
179676507390199 66.203 <keyPressed> 72
179676507645694 66.203 <replace> 128 0 h
179676507946748 66.204 <caretUpdate> 129 129
179676574136145 66.270 <keyReleased> 72
179677467208931 67.163 <keyPressed> 0
179677467494013 67.163 <replace> 129 0 å
179677467742621 67.163 <caretUpdate> 130 130
179677526357148 67.222 <keyReleased> 0
179677667167303 67.363 <keyPressed> 76
179677667513447 67.363 <replace> 130 0 l
179677667840461 67.363 <caretUpdate> 131 131
179677742144221 67.438 <keyReleased> 76
179678283121129 67.979 <keyPressed> 10
179678283280144 67.979 <replace> 131 0 \n
179678283760974 67.979 <caretUpdate> 132 132
179678357915642 68.054 <keyReleased> 10
179679690854202 69.386 <keyPressed> 80
179679691172464 69.387 <replace> 132 0 p
179679691494416 69.387 <caretUpdate> 133 133
179679763212084 69.459 <keyPressed> 0
179679763516851 69.459 <replace> 133 0 å
179679763749170 69.459 <caretUpdate> 134 134
179679854359242 69.550 <keyReleased> 80
179679924972695 69.621 <keyReleased> 0
179680114662356 69.810 <keyPressed> 32
179680114891058 69.810 <replace> 134 0 \s
179680115137602 69.811 <caretUpdate> 135 135
179680245741223 69.941 <keyReleased> 32
179680363277818 70.059 <keyPressed> 68
179680363573230 70.059 <replace> 135 0 d
179680363830289 70.059 <caretUpdate> 136 136
179680414132753 70.110 <keyReleased> 68
179680515114361 70.211 <keyPressed> 69
179680515366296 70.211 <replace> 136 0 e
179680515601797 70.211 <caretUpdate> 137 137
179680603020236 70.299 <keyPressed> 78
179680603323644 70.299 <replace> 137 0 n
179680603619037 70.299 <caretUpdate> 138 138
179680677431247 70.373 <keyReleased> 69
179680685064416 70.381 <keyReleased> 78
179680835322193 70.531 <keyPressed> 32
179680835665046 70.531 <replace> 138 0 \s
179680835951524 70.532 <caretUpdate> 139 139
179680973479080 70.669 <keyReleased> 32
179681139112778 70.835 <keyPressed> 86
179681139379289 70.835 <replace> 139 0 v
179681139610977 70.835 <caretUpdate> 140 140
179681190047000 70.886 <keyReleased> 86
179681315095961 71.011 <keyPressed> 65
179681315417432 71.011 <replace> 140 0 a
179681315688688 71.011 <caretUpdate> 141 141
179681413437118 71.109 <keyReleased> 65
179681547099439 71.243 <keyPressed> 67
179681547395622 71.243 <replace> 141 0 c
179681547651873 71.243 <caretUpdate> 142 142
179681693290612 71.389 <keyReleased> 67
179681698958383 71.395 <keyPressed> 75
179681699208325 71.395 <replace> 142 0 k
179681699427871 71.395 <caretUpdate> 143 143
179681829467917 71.525 <keyReleased> 75
179682003107995 71.699 <keyPressed> 82
179682003370895 71.699 <replace> 143 0 r
179682003598239 71.699 <caretUpdate> 144 144
179682125540606 71.821 <keyReleased> 82
179682315166641 72.011 <keyPressed> 65
179682315460674 72.011 <replace> 144 0 a
179682315714512 72.011 <caretUpdate> 145 145
179682437400367 72.133 <keyReleased> 65
179682602981748 72.299 <keyPressed> 68
179682603270705 72.299 <replace> 145 0 d
179682603505895 72.299 <caretUpdate> 146 146
179682701560409 72.397 <keyReleased> 68
179682795173049 72.491 <keyPressed> 69
179682795448654 72.491 <replace> 146 0 e
179682795769148 72.491 <caretUpdate> 147 147
179682971656689 72.667 <keyPressed> 82
179682971886924 72.667 <replace> 147 0 r
179682972128997 72.668 <caretUpdate> 148 148
179682973640872 72.669 <keyPressed> 84
179682973809446 72.669 <replace> 148 0 t
179682973974862 72.670 <caretUpdate> 149 149
179682975378275 72.671 <keyReleased> 69
179683046325517 72.742 <keyReleased> 84
179683053149620 72.749 <keyReleased> 82
179683419132345 73.115 <keyPressed> 8
179683419244355 73.115 <remove> 148 1
179683419559536 73.115 <caretUpdate> 148 148
179683477682818 73.173 <keyReleased> 8
179683570884601 73.266 <keyPressed> 8
179683570986228 73.267 <remove> 147 1
179683571192459 73.267 <caretUpdate> 147 147
179683638197809 73.334 <keyReleased> 8
179683738966500 73.435 <keyPressed> 8
179683739095826 73.435 <remove> 146 1
179683739328670 73.435 <caretUpdate> 146 146
179683790359760 73.486 <keyReleased> 8
179683875064969 73.571 <keyPressed> 8
179683875169607 73.571 <remove> 145 1
179683875400564 73.571 <caretUpdate> 145 145
179683947114454 73.643 <keyPressed> 83
179683947385472 73.643 <replace> 145 0 s
179683947610626 73.643 <caretUpdate> 146 146
179683957770138 73.653 <keyReleased> 8
179684045355285 73.741 <keyReleased> 83
179684122902812 73.818 <keyPressed> 69
179684123158535 73.819 <replace> 146 0 e
179684123398435 73.819 <caretUpdate> 147 147
179684203117527 73.899 <keyPressed> 82
179684203357851 73.899 <replace> 147 0 r
179684203581614 73.899 <caretUpdate> 148 148
179684285387475 73.981 <keyReleased> 69
179684325251235 74.021 <keyReleased> 82
179684771191343 74.467 <keyPressed> 8
179684771340440 74.467 <remove> 147 1
179684771598245 74.467 <caretUpdate> 147 147
179684822174421 74.518 <keyReleased> 8
179684946744401 74.642 <keyPressed> 8
179684946844356 74.642 <remove> 146 1
179684947041063 74.643 <caretUpdate> 146 146
179684973545448 74.669 <keyReleased> 8
179685002861049 74.698 <keyPressed> 84
179685003093511 74.699 <replace> 146 0 t
179685003292575 74.699 <caretUpdate> 147 147
179685085242318 74.781 <keyReleased> 84
179685194815049 74.890 <keyPressed> 69
179685195055276 74.891 <replace> 147 0 e
179685195272396 74.891 <caretUpdate> 148 148
179685341428920 75.037 <keyReleased> 69
179685579145792 75.275 <keyPressed> 32
179685579418289 75.275 <replace> 148 0 \s
179685579641976 75.275 <caretUpdate> 149 149
179685661287358 75.357 <keyReleased> 32
179686051187944 75.747 <keyPressed> 66
179686051449118 75.747 <replace> 149 0 b
179686051712294 75.747 <caretUpdate> 150 150
179686109562824 75.805 <keyReleased> 66
179686242906412 75.938 <keyPressed> 65
179686243203386 75.939 <replace> 150 0 a
179686243417508 75.939 <caretUpdate> 151 151
179686317298762 76.013 <keyReleased> 65
179686346866169 76.042 <keyPressed> 76
179686347127575 76.043 <replace> 151 0 l
179686347350637 76.043 <caretUpdate> 152 152
179686398282380 76.094 <keyReleased> 76
179686467062443 76.163 <keyPressed> 76
179686467335360 76.163 <replace> 152 0 l
179686467557934 76.163 <caretUpdate> 153 153
179686517251720 76.213 <keyReleased> 76
179686642910873 76.339 <keyPressed> 79
179686643184494 76.339 <replace> 153 0 o
179686643433126 76.339 <caretUpdate> 154 154
179686701257148 76.397 <keyReleased> 79
179686835100897 76.531 <keyPressed> 78
179686835362497 76.531 <replace> 154 0 n
179686835611762 76.531 <caretUpdate> 155 155
179686875906440 76.571 <keyPressed> 71
179686876157559 76.572 <replace> 155 0 g
179686876392591 76.572 <caretUpdate> 156 156
179686894221295 76.590 <keyReleased> 78
179686941330134 76.637 <keyReleased> 71
179687026989712 76.723 <keyPressed> 69
179687027297664 76.723 <replace> 156 0 e
179687027515121 76.723 <caretUpdate> 157 157
179687114956333 76.811 <keyPressed> 78
179687115232836 76.811 <replace> 157 0 n
179687115443434 76.811 <caretUpdate> 158 158
179687165308901 76.861 <keyReleased> 69
179687197286392 76.893 <keyReleased> 78
179688043113283 77.739 <keyPressed> 10
179688043281186 77.739 <replace> 158 0 \n
179688043689851 77.739 <caretUpdate> 159 159
179688133723397 77.829 <keyReleased> 10
179688779043337 78.475 <keyPressed> 74
179688779311651 78.475 <replace> 159 0 j
179688779618185 78.475 <caretUpdate> 160 160
179688837474761 78.533 <keyReleased> 74
179688954994045 78.651 <keyPressed> 85
179688955269022 78.651 <replace> 160 0 u
179688955513055 78.651 <caretUpdate> 161 161
179689003319086 78.699 <keyPressed> 83
179689003532668 78.699 <replace> 161 0 s
179689003756862 78.699 <caretUpdate> 162 162
179689021608626 78.717 <keyReleased> 85
179689077328247 78.773 <keyReleased> 83
179689210965075 78.907 <keyPressed> 84
179689211279055 78.907 <replace> 162 0 t
179689211568462 78.907 <caretUpdate> 163 163
179689325601220 79.021 <keyReleased> 84
179689330891368 79.026 <keyPressed> 32
179689331206120 79.027 <replace> 163 0 \s
179689331428675 79.027 <caretUpdate> 164 164
179689371190271 79.067 <keyPressed> 78
179689371507273 79.067 <replace> 164 0 n
179689371728580 79.067 <caretUpdate> 165 165
179689445359221 79.141 <keyReleased> 32
179689445908158 79.141 <keyReleased> 78
179689603079503 79.299 <keyPressed> 0
179689603456980 79.299 <replace> 165 0 ä
179689603721738 79.299 <caretUpdate> 166 166
179689635742183 79.331 <keyPressed> 82
179689636093354 79.332 <replace> 166 0 r
179689636375592 79.332 <caretUpdate> 167 167
179689701275096 79.397 <keyReleased> 0
179689733404826 79.429 <keyReleased> 82
179690226917174 79.923 <keyPressed> 32
179690227201046 79.923 <replace> 167 0 \s
179690227442865 79.923 <caretUpdate> 168 168
179690357447234 80.053 <keyReleased> 32
179690578922279 80.275 <keyPressed> 84
179690579208888 80.275 <replace> 168 0 t
179690579446831 80.275 <caretUpdate> 169 169
179690670270963 80.366 <keyReleased> 84
179690931084823 80.627 <keyPressed> 0
179690931363314 80.627 <replace> 169 0 å
179690931599539 80.627 <caretUpdate> 170 170
179690982150100 80.678 <keyReleased> 0
179692282996360 81.979 <keyPressed> 71
179692283249052 81.979 <replace> 170 0 g
179692283504504 81.979 <caretUpdate> 171 171
179692422184261 82.118 <keyReleased> 71
179692619065483 82.315 <keyPressed> 82
179692619325414 82.315 <replace> 171 0 r
179692619562605 82.315 <caretUpdate> 172 172
179692701045715 82.397 <keyReleased> 82
179693514941625 83.211 <keyPressed> 8
179693515179863 83.211 <remove> 171 1
179693515550034 83.211 <caretUpdate> 171 171
179693547286734 83.243 <keyPressed> 69
179693547487952 83.243 <replace> 171 0 e
179693547717029 83.243 <caretUpdate> 172 172
179693582087059 83.278 <keyReleased> 8
179693610989095 83.307 <keyPressed> 84
179693611324624 83.307 <replace> 172 0 t
179693611578904 83.307 <caretUpdate> 173 173
179693685070038 83.381 <keyReleased> 69
179693757280564 83.453 <keyReleased> 84
179694187148786 83.883 <keyPressed> 32
179694187420242 83.883 <replace> 173 0 \s
179694187675414 83.883 <caretUpdate> 174 174
179694285802127 83.981 <keyReleased> 32
179694370968799 84.067 <keyPressed> 76
179694371277562 84.067 <replace> 174 0 l
179694371537699 84.067 <caretUpdate> 175 175
179694430167927 84.126 <keyReleased> 76
179694578915913 84.275 <keyPressed> 0
179694579241367 84.275 <replace> 175 0 ä
179694579501167 84.275 <caretUpdate> 176 176
179694638148452 84.334 <keyReleased> 0
179694866984281 84.563 <keyPressed> 77
179694867298588 84.563 <replace> 176 0 m
179694867563279 84.563 <caretUpdate> 177 177
179694926068504 84.622 <keyReleased> 77
179695058819363 84.754 <keyPressed> 78
179695059090378 84.755 <replace> 177 0 n
179695059322919 84.755 <caretUpdate> 178 178
179695107352550 84.803 <keyPressed> 65
179695107552913 84.803 <replace> 178 0 a
179695107753181 84.803 <caretUpdate> 179 179
179695133832867 84.829 <keyReleased> 78
179695188824150 84.884 <keyReleased> 65
179695330881569 85.026 <keyPressed> 82
179695331180452 85.027 <replace> 179 0 r
179695331446262 85.027 <caretUpdate> 180 180
179695421177428 85.117 <keyReleased> 82
179695970921722 85.667 <keyPressed> 32
179695971220087 85.667 <replace> 180 0 \s
179695971481951 85.667 <caretUpdate> 181 181
179696062040556 85.758 <keyReleased> 32
179696250807253 85.946 <keyPressed> 80
179696251069296 85.947 <replace> 181 0 p
179696251392837 85.947 <caretUpdate> 182 182
179696307902547 86.003 <keyPressed> 69
179696308187515 86.004 <replace> 182 0 e
179696308486024 86.004 <caretUpdate> 183 183
179696326146393 86.022 <keyReleased> 80
179696354898273 86.050 <keyPressed> 82
179696355176450 86.051 <replace> 183 0 r
179696355550085 86.051 <caretUpdate> 184 184
179696405105139 86.101 <keyReleased> 69
179696477245001 86.173 <keyReleased> 82
179696610924936 86.307 <keyPressed> 82
179696611195273 86.307 <replace> 184 0 r
179696611477291 86.307 <caretUpdate> 185 185
179696717410968 86.413 <keyReleased> 82
179696818943073 86.515 <keyPressed> 79
179696819228820 86.515 <replace> 185 0 o
179696819500330 86.515 <caretUpdate> 186 186
179696885337400 86.581 <keyReleased> 79
179697018715336 86.714 <keyPressed> 78
179697018938118 86.715 <replace> 186 0 n
179697019245466 86.715 <caretUpdate> 187 187
179697090903210 86.786 <keyPressed> 71
179697091186536 86.787 <replace> 187 0 g
179697091407518 86.787 <caretUpdate> 188 188
179697118066927 86.814 <keyReleased> 78
179697189398908 86.885 <keyReleased> 71
179697451180902 87.147 <keyPressed> 83
179697451429925 87.147 <replace> 188 0 s
179697451737036 87.147 <caretUpdate> 189 189
179697547343153 87.243 <keyPressed> 78
179697547640725 87.243 <replace> 189 0 n
179697547956159 87.244 <caretUpdate> 190 190
179697598242628 87.294 <keyReleased> 83
179697629293947 87.325 <keyReleased> 78
179698043083621 87.739 <keyPressed> 8
179698043193082 87.739 <remove> 189 1
179698043461012 87.739 <caretUpdate> 189 189
179698094213712 87.790 <keyReleased> 8
179698186821545 87.882 <keyPressed> 8
179698186936618 87.883 <remove> 188 1
179698187235488 87.883 <caretUpdate> 188 188
179698260952376 87.957 <keyReleased> 8
179698378974741 88.075 <keyPressed> 69
179698379306452 88.075 <replace> 188 0 e
179698379609023 88.075 <caretUpdate> 189 189
179698477360107 88.173 <keyReleased> 69
179698490718752 88.186 <keyPressed> 78
179698490934895 88.187 <replace> 189 0 n
179698491264034 88.187 <caretUpdate> 190 190
179698573189309 88.269 <keyReleased> 78
179699147227247 88.843 <keyPressed> 38
179699147811988 88.843 <caretUpdate> 158 158
179699229770973 88.925 <keyReleased> 38
179699315373773 89.011 <keyPressed> 39
179699315799635 89.011 <caretUpdate> 159 159
179699405875333 89.101 <keyReleased> 39
179700243245544 89.939 <keyPressed> 16
179700274732205 89.970 <keyPressed> 56
179700274951618 89.971 <replace> 159 0 (
179700275412750 89.971 <caretUpdate> 160 160
179700361964512 90.058 <keyReleased> 56
179700381576734 90.077 <keyReleased> 16
179700739094684 90.435 <keyPressed> 39
179700739352400 90.435 <caretUpdate> 161 161
179700789614775 90.485 <keyReleased> 39
179700890918832 90.587 <keyPressed> 39
179700891170480 90.587 <caretUpdate> 162 162
179700949584215 90.645 <keyReleased> 39
179701170942716 90.867 <keyPressed> 39
179701171216998 90.867 <caretUpdate> 163 163
179701213490619 90.909 <keyReleased> 39
179701299038918 90.995 <keyPressed> 39
179701299294095 90.995 <caretUpdate> 164 164
179701341650169 91.037 <keyReleased> 39
179701426957151 91.123 <keyPressed> 39
179701427232294 91.123 <caretUpdate> 165 165
179701477341410 91.173 <keyReleased> 39
179701562907933 91.258 <keyPressed> 39
179701563143237 91.259 <caretUpdate> 166 166
179701621092404 91.317 <keyReleased> 39
179701698913526 91.395 <keyPressed> 39
179701699173635 91.395 <caretUpdate> 167 167
179701765354565 91.461 <keyReleased> 39
179701850511148 91.546 <keyPressed> 39
179701850705448 91.546 <caretUpdate> 168 168
179701901178305 91.597 <keyReleased> 39
179702339460417 92.035 <keyPressed> 16
179702370935678 92.067 <keyPressed> 57
179702371261192 92.067 <replace> 168 0 )
179702371555767 92.067 <caretUpdate> 169 169
179702429677306 92.125 <keyReleased> 16
179702437106794 92.133 <keyReleased> 57
179704459091757 94.155 <keyPressed> 35
179704459615735 94.155 <caretUpdate> 192 192
179704549420145 94.245 <keyReleased> 35
179705034918977 94.731 <keyPressed> 10
179705035025079 94.731 <replace> 192 0 \n
179705035275689 94.731 <caretUpdate> 193 193
179705101276044 94.797 <keyReleased> 10
179705979169920 95.675 <keyPressed> 16
179706107079333 95.803 <keyPressed> 75
179706107344214 95.803 <replace> 193 0 K
179706107636010 95.803 <caretUpdate> 194 194
179706189342029 95.885 <keyReleased> 75
179706427111937 96.123 <keyPressed> 74
179706427352438 96.123 <replace> 194 0 J
179706427577419 96.123 <caretUpdate> 195 195
179706518174256 96.214 <keyReleased> 74
179706706865830 96.402 <keyPressed> 69
179706707094215 96.403 <replace> 195 0 E
179706707334834 96.403 <caretUpdate> 196 196
179706795111764 96.491 <keyPressed> 76
179706795339745 96.491 <replace> 196 0 L
179706795565566 96.491 <caretUpdate> 197 197
179706829678866 96.525 <keyReleased> 69
179706933292260 96.629 <keyReleased> 76
179706970641681 96.666 <keyPressed> 76
179706970845497 96.666 <replace> 197 0 L
179706971073505 96.667 <caretUpdate> 198 198
179707021229812 96.717 <keyReleased> 76
179707234860275 96.930 <keyPressed> 76
179707235127208 96.931 <replace> 198 0 L
179707235349390 96.931 <caretUpdate> 199 199
179707309295205 97.005 <keyReleased> 76
179707621685878 97.317 <keyReleased> 16
179707762923830 97.459 <keyPressed> 8
179707763029343 97.459 <remove> 198 1
179707763434157 97.459 <caretUpdate> 198 198
179707829632496 97.525 <keyReleased> 8
179708378790816 98.074 <keyPressed> 32
179708379075562 98.075 <replace> 198 0 \s
179708379306725 98.075 <caretUpdate> 199 199
179708477957761 98.174 <keyReleased> 32
179708611226032 98.307 <keyPressed> 16
179709298795058 98.994 <keyPressed> 72
179709299066354 98.995 <replace> 199 0 H
179709299287163 98.995 <caretUpdate> 200 200
179709371026920 99.067 <keyPressed> 0
179709371262366 99.067 <replace> 200 0 Ä
179709371474664 99.067 <caretUpdate> 201 201
179709390577090 99.086 <keyReleased> 72
179709524972049 99.221 <keyReleased> 0
179709933488608 99.629 <keyReleased> 16
179710098528852 99.794 <keyPressed> 8
179710098593191 99.794 <remove> 200 1
179710098765678 99.794 <caretUpdate> 200 200
179710157677736 99.853 <keyReleased> 8
179710395314969 100.091 <keyPressed> 16
179710994839999 100.690 <keyPressed> 0
179710995164501 100.691 <replace> 200 0 Ö
179710995459070 100.691 <caretUpdate> 201 201
179711110927157 100.807 <keyReleased> 0
179711402951127 101.099 <keyPressed> 71
179711403230481 101.099 <replace> 201 0 G
179711403631293 101.099 <caretUpdate> 202 202
179711469403054 101.165 <keyReleased> 71
179711498886591 101.194 <keyPressed> 76
179711499111940 101.195 <replace> 202 0 L
179711499308593 101.195 <caretUpdate> 203 203
179711574228756 101.270 <keyReleased> 76
179712130928328 101.827 <keyPressed> 85
179712131256711 101.827 <replace> 203 0 U
179712131488168 101.827 <caretUpdate> 204 204
179712213393512 101.909 <keyReleased> 85
179712739119108 102.435 <keyPressed> 78
179712739367413 102.435 <replace> 204 0 N
179712739624552 102.435 <caretUpdate> 205 205
179712787115329 102.483 <keyPressed> 68
179712787419811 102.483 <replace> 205 0 D
179712787637245 102.483 <caretUpdate> 206 206
179712853296922 102.549 <keyReleased> 78
179712869153357 102.565 <keyReleased> 68
179713261259190 102.957 <keyReleased> 16
179716675054554 106.371 <keyPressed> 10
179716675170517 106.371 <replace> 206 0 \n
179716675565121 106.371 <caretUpdate> 207 207
179716676719941 106.372 <scrollChange> 0 0
179716698571059 106.394 <scrollChange> 0 73
179716701250440 106.397 <scrollChange> 0 73
179716748908873 106.444 <keyReleased> 10
179718075184135 107.771 <keyPressed> 8
179718075272249 107.771 <remove> 206 1
179718075706987 107.771 <caretUpdate> 206 206
179718076897084 107.772 <scrollChange> 0 0
179718077059328 107.773 <scrollChange> 0 0
179718082838736 107.778 <scrollChange> 0 0
179718141259485 107.837 <keyReleased> 8
179718562688600 108.258 <keyPressed> 38
179718563154931 108.259 <caretUpdate> 178 178
179718629444038 108.325 <keyReleased> 38
179718762969371 108.459 <keyPressed> 39
179718763229265 108.459 <caretUpdate> 179 179
179718813598296 108.509 <keyReleased> 39
179719275035744 108.971 <keyPressed> 40
179719275325939 108.971 <caretUpdate> 206 206
179719365420178 109.061 <keyReleased> 40
179719714743836 109.410 <keyPressed> 39
179719821512428 109.517 <keyReleased> 39
179720419119658 110.115 <keyPressed> 36
179720419493345 110.115 <caretUpdate> 193 193
179720485358803 110.181 <keyReleased> 36
179721099319173 110.795 <keyPressed> 16
179721178968751 110.875 <keyPressed> 40
179721237183979 110.933 <keyReleased> 40
179721349883927 111.045 <keyReleased> 16
179721875241784 111.571 <keyPressed> 16
179721995051163 111.691 <keyPressed> 40
179722141335410 111.837 <keyReleased> 40
179722485774612 112.181 <keyReleased> 16
179722706827731 112.402 <keyPressed> 35
179722707142156 112.403 <caretUpdate> 206 206
179722773457511 112.469 <keyReleased> 35
179723490922556 113.187 <keyPressed> 10
179723491059246 113.187 <replace> 206 0 \n
179723491379054 113.187 <caretUpdate> 207 207
179723492349786 113.188 <scrollChange> 0 0
179723497469286 113.193 <scrollChange> 0 73
179723498759614 113.194 <scrollChange> 0 73
179723565338874 113.261 <keyReleased> 10
179723850917197 113.547 <keyPressed> 38
179723851217009 113.547 <caretUpdate> 193 193
179723941363004 113.637 <keyReleased> 38
179724074942635 113.771 <keyPressed> 38
179724075310291 113.771 <caretUpdate> 159 159
179724149266330 113.845 <keyReleased> 38
179724522855115 114.218 <keyPressed> 40
179724523135590 114.219 <caretUpdate> 193 193
179724605315218 114.301 <keyReleased> 40
179724867222196 114.563 <keyPressed> 16
179724994697841 114.690 <keyPressed> 40
179724994965316 114.691 <caretUpdate> 207 193
179725101198365 114.797 <keyReleased> 40
179725341291302 115.037 <keyReleased> 16
179725491243855 115.187 <keyPressed> 17
179725986729976 115.682 <keyPressed> 88
179725990473852 115.686 <remove> 193 14
179725990829629 115.686 <caretUpdate> 193 193
179725992294475 115.688 <scrollChange> 0 0
179725992435031 115.688 <scrollChange> 0 0
179725998766635 115.694 <scrollChange> 0 0
179726133543447 115.829 <keyReleased> 88
179726149387323 115.845 <keyReleased> 17
179728107108451 117.803 <keyPressed> 33
179728107571974 117.803 <caretUpdate> 0 0
179728349523660 118.045 <keyReleased> 33
179728506943792 118.203 <keyPressed> 33
179728677234639 118.373 <keyReleased> 33
179729314900679 119.010 <keyPressed> 10
179729315063476 119.011 <replace> 0 0 \n
179729315447876 119.011 <caretUpdate> 1 1
179729316572363 119.012 <scrollChange> 0 0
179729321506740 119.017 <scrollChange> 0 0
179729397283239 119.093 <keyReleased> 10
179729570746163 119.266 <keyPressed> 38
179729570985101 119.267 <caretUpdate> 0 0
179729645537097 119.341 <keyReleased> 38
179730531195245 120.227 <keyPressed> 17
179730714999789 120.411 <keyPressed> 86
179730715700245 120.411 <replace> 0 0 KJELL\sHÖGLUND\n
179730715995789 120.412 <caretUpdate> 14 14
179730717120569 120.413 <scrollChange> 0 0
179730723352967 120.419 <scrollChange> 0 0
179730813422258 120.509 <keyReleased> 86
179730877401341 120.573 <keyReleased> 17
179731258930404 120.955 <keyPressed> 40
179731259192871 120.955 <caretUpdate> 15 15
179731341449788 121.037 <keyReleased> 40
179731570956523 121.267 <keyPressed> 8
179731571074426 121.267 <remove> 14 1
179731571386356 121.267 <caretUpdate> 14 14
179731572452750 121.268 <scrollChange> 0 0
179731578038668 121.274 <scrollChange> 0 0
179731645023556 121.341 <keyReleased> 8
179733546678696 123.242 <keyPressed> 40
179733546954899 123.243 <caretUpdate> 46 46
179734046738276 123.742 <caretUpdate> 72 72
179734097157051 123.793 <caretUpdate> 120 120
179734146833088 123.842 <caretUpdate> 146 146
179734197173529 123.893 <caretUpdate> 173 173
179734246790905 123.942 <caretUpdate> 207 207
179734247993867 123.944 <scrollChange> 0 73
179734621142849 124.317 <keyReleased> 40
179735394708162 125.090 <keyPressed> 8
179735394797462 125.090 <remove> 206 1
179735395158258 125.091 <caretUpdate> 206 206
179735396314543 125.092 <scrollChange> 0 0
179735396454930 125.092 <scrollChange> 0 0
179735402261152 125.098 <scrollChange> 0 0
179735460802952 125.156 <keyReleased> 8
